mod 7
 0  1  4  5  2  3  6 
 1  2  5  6  3  4  0 
 4  5  1  2  6  0  3 
 5  6  2  3  0  1  4 
 2  3  6  0  4  5  1 
 3  4  0  1  5  6  2 
 6  0  3  4  1  2  5
mod 11
 0  1 10  1  1  1 10 10 10  1 10 
 1  2  0  2  2  2  0  0  0  2  0 
10  0  9  0  0  0  9  9  9  0  9 
 1  2  0  2  2  2  0  0  0  2  0 
 1  2  0  2  2  2  0  0  0  2  0 
 1  2  0  2  2  2  0  0  0  2  0 
10  0  9  0  0  0  9  9  9  0  9 
10  0  9  0  0  0  9  9  9  0  9 
10  0  9  0  0  0  9  9  9  0  9 
 1  2  0  2  2  2  0  0  0  2  0 
10  0  9  0  0  0  9  9  9  0  9
mod 13
 0  1  6  9 10  5  2 11  8  3  4  7 12 
 1  2  7 10 11  6  3 12  9  4  5  8  0 
 6  7 12  2  3 11  8  4  1  9 10  0  5 
 9 10  2  5  6  1 11  7  4 12  0  3  8 
10 11  3  6  7  2 12  8  5  0  1  4  9 
 5  6 11  1  2 10  7  3  0  8  9 12  4 
 2  3  8 11 12  7  4  0 10  5  6  9  1 
11 12  4  7  8  3  0  9  6  1  2  5 10 
 8  9  1  4  5  0 10  6  3 11 12  2  7 
 3  4  9 12  0  8  5  1 11  6  7 10  2 
 4  5 10  0  1  9  6  2 12  7  8 11  3 
 7  8  0  3  4 12  9  5  2 10 11  1  6 
12  0  5  8  9  4  1 10  7  2  3  6 11
mod 17
 0  1 15  5  4 14  7 11  9  8  6 10  3 13 12  2 16 
 1  2 16  6  5 15  8 12 10  9  7 11  4 14 13  3  0 
15 16 13  3  2 12  5  9  7  6  4  8  1 11 10  0 14 
 5  6  3 10  9  2 12 16 14 13 11 15  8  1  0  7  4 
 4  5  2  9  8  1 11 15 13 12 10 14  7  0 16  6  3 
14 15 12  2  1 11  4  8  6  5  3  7  0 10  9 16 13 
 7  8  5 12 11  4 14  1 16 15 13  0 10  3  2  9  6 
11 12  9 16 15  8  1  5  3  2  0  4 14  7  6 13 10 
 9 10  7 14 13  6 16  3  1  0 15  2 12  5  4 11  8 
 8  9  6 13 12  5 15  2  0 16 14  1 11  4  3 10  7 
 6  7  4 11 10  3 13  0 15 14 12 16  9  2  1  8  5 
10 11  8 15 14  7  0  4  2  1 16  3 13  6  5 12  9 
 3  4  1  8  7  0 10 14 12 11  9 13  6 16 15  5  2 
13 14 11  1  0 10  3  7  5  4  2  6 16  9  8 15 12 
12 13 10  0 16  9  2  6  4  3  1  5 15  8  7 14 11 
 2  3  0  7  6 16  9 13 11 10  8 12  5 15 14  4  1 
16  0 14  4  3 13  6 10  8  7  5  9  2 12 11  1 15
mod 19
 0  1 13 15 17  9  5 11 12 16  3  7  8 14 10  2  4  6 18 
 1  2 14 16 18 10  6 12 13 17  4  8  9 15 11  3  5  7  0 
13 14  7  9 11  3 18  5  6 10 16  1  2  8  4 15 17  0 12 
15 16  9 11 13  5  1  7  8 12 18  3  4 10  6 17  0  2 14 
17 18 11 13 15  7  3  9 10 14  1  5  6 12  8  0  2  4 16 
 9 10  3  5  7 18 14  1  2  6 12 16 17  4  0 11 13 15  8 
 5  6 18  1  3 14 10 16 17  2  8 12 13  0 15  7  9 11  4 
11 12  5  7  9  1 16  3  4  8 14 18  0  6  2 13 15 17 10 
12 13  6  8 10  2 17  4  5  9 15  0  1  7  3 14 16 18 11 
16 17 10 12 14  6  2  8  9 13  0  4  5 11  7 18  1  3 15 
 3  4 16 18  1 12  8 14 15  0  6 10 11 17 13  5  7  9  2 
 7  8  1  3  5 16 12 18  0  4 10 14 15  2 17  9 11 13  6 
 8  9  2  4  6 17 13  0  1  5 11 15 16  3 18 10 12 14  7 
14 15  8 10 12  4  0  6  7 11 17  2  3  9  5 16 18  1 13 
10 11  4  6  8  0 15  2  3  7 13 17 18  5  1 12 14 16  9 
 2  3 15 17  0 11  7 13 14 18  5  9 10 16 12  4  6  8  1 
 4  5 17  0  2 13  9 15 16  1  7 11 12 18 14  6  8 10  3 
 6  7  0  2  4 15 11 17 18  3  9 13 14  1 16  8 10 12  5 
18  0 12 14 16  8  4 10 11 15  2  6  7 13  9  1  3  5 17
mod 20
 0  1 12  3  4  5 16  7  8  9  0 11 12 13  4 15 16 17  8 19 
 1  2 13  4  5  6 17  8  9 10  1 12 13 14  5 16 17 18  9  0 
12 13  4 15 16 17  8 19  0  1 12  3  4  5 16  7  8  9  0 11 
 3  4 15  6  7  8 19 10 11 12  3 14 15 16  7 18 19  0 11  2 
 4  5 16  7  8  9  0 11 12 13  4 15 16 17  8 19  0  1 12  3 
 5  6 17  8  9 10  1 12 13 14  5 16 17 18  9  0  1  2 13  4 
16 17  8 19  0  1 12  3  4  5 16  7  8  9  0 11 12 13  4 15 
 7  8 19 10 11 12  3 14 15 16  7 18 19  0 11  2  3  4 15  6 
 8  9  0 11 12 13  4 15 16 17  8 19  0  1 12  3  4  5 16  7 
 9 10  1 12 13 14  5 16 17 18  9  0  1  2 13  4  5  6 17  8 
 0  1 12  3  4  5 16  7  8  9  0 11 12 13  4 15 16 17  8 19 
11 12  3 14 15 16  7 18 19  0 11  2  3  4 15  6  7  8 19 10 
12 13  4 15 16 17  8 19  0  1 12  3  4  5 16  7  8  9  0 11 
13 14  5 16 17 18  9  0  1  2 13  4  5  6 17  8  9 10  1 12 
 4  5 16  7  8  9  0 11 12 13  4 15 16 17  8 19  0  1 12  3 
15 16  7 18 19  0 11  2  3  4 15  6  7  8 19 10 11 12  3 14 
16 17  8 19  0  1 12  3  4  5 16  7  8  9  0 11 12 13  4 15 
17 18  9  0  1  2 13  4  5  6 17  8  9 10  1 12 13 14  5 16 
 8  9  0 11 12 13  4 15 16 17  8 19  0  1 12  3  4  5 16  7 
19  0 11  2  3  4 15  6  7  8 19 10 11 12  3 14 15 16  7 18
mod 23
 0  1  9 13 12 20  2 17 16  8 19  5 18  4 15  7  6 21  3 11 10 14 22 
 1  2 10 14 13 21  3 18 17  9 20  6 19  5 16  8  7 22  4 12 11 15  0 
 9 10 18 22 21  6 11  3  2 17  5 14  4 13  1 16 15  7 12 20 19  0  8 
13 14 22  3  2 10 15  7  6 21  9 18  8 17  5 20 19 11 16  1  0  4 12 
12 13 21  2  1  9 14  6  5 20  8 17  7 16  4 19 18 10 15  0 22  3 11 
20 21  6 10  9 17 22 14 13  5 16  2 15  1 12  4  3 18  0  8  7 11 19 
 2  3 11 15 14 22  4 19 18 10 21  7 20  6 17  9  8  0  5 13 12 16  1 
17 18  3  7  6 14 19 11 10  2 13 22 12 21  9  1  0 15 20  5  4  8 16 
16 17  2  6  5 13 18 10  9  1 12 21 11 20  8  0 22 14 19  4  3  7 15 
 8  9 17 21 20  5 10  2  1 16  4 13  3 12  0 15 14  6 11 19 18 22  7 
19 20  5  9  8 16 21 13 12  4 15  1 14  0 11  3  2 17 22  7  6 10 18 
 5  6 14 18 17  2  7 22 21 13  1 10  0  9 20 12 11  3  8 16 15 19  4 
18 19  4  8  7 15 20 12 11  3 14  0 13 22 10  2  1 16 21  6  5  9 17 
 4  5 13 17 16  1  6 21 20 12  0  9 22  8 19 11 10  2  7 15 14 18  3 
15 16  1  5  4 12 17  9  8  0 11 20 10 19  7 22 21 13 18  3  2  6 14 
 7  8 16 20 19  4  9  1  0 15  3 12  2 11 22 14 13  5 10 18 17 21  6 
 6  7 15 19 18  3  8  0 22 14  2 11  1 10 21 13 12  4  9 17 16 20  5 
21 22  7 11 10 18  0 15 14  6 17  3 16  2 13  5  4 19  1  9  8 12 20 
 3  4 12 16 15  0  5 20 19 11 22  8 21  7 18 10  9  1  6 14 13 17  2 
11 12 20  1  0  8 13  5  4 19  7 16  6 15  3 18 17  9 14 22 21  2 10 
10 11 19  0 22  7 12  4  3 18  6 15  5 14  2 17 16  8 13 21 20  1  9 
14 15  0  4  3 11 16  8  7 22 10 19  9 18  6 21 20 12 17  2  1  5 13 
22  0  8 12 11 19  1 16 15  7 18  4 17  3 14  6  5 20  2 10  9 13 21
mod 31
 0  1  1 26  1 25 26  5  1 25 25  6 26  6  5 30  1 26 25  5 25  6  6 30 26  5  6 30  5 30 30 
 1  2  2 27  2 26 27  6  2 26 26  7 27  7  6  0  2 27 26  6 26  7  7  0 27  6  7  0  6  0  0 
 1  2  2 27  2 26 27  6  2 26 26  7 27  7  6  0  2 27 26  6 26  7  7  0 27  6  7  0  6  0  0 
26 27 27 21 27 20 21  0 27 20 20  1 21  1  0 25 27 21 20  0 20  1  1 25 21  0  1 25  0 25 25 
 1  2  2 27  2 26 27  6  2 26 26  7 27  7  6  0  2 27 26  6 26  7  7  0 27  6  7  0  6  0  0 
25 26 26 20 26 19 20 30 26 19 19  0 20  0 30 24 26 20 19 30 19  0  0 24 20 30  0 24 30 24 24 
26 27 27 21 27 20 21  0 27 20 20  1 21  1  0 25 27 21 20  0 20  1  1 25 21  0  1 25  0 25 25 
 5  6  6  0  6 30  0 10  6 30 30 11  0 11 10  4  6  0 30 10 30 11 11  4  0 10 11  4 10  4  4 
 1  2  2 27  2 26 27  6  2 26 26  7 27  7  6  0  2 27 26  6 26  7  7  0 27  6  7  0  6  0  0 
25 26 26 20 26 19 20 30 26 19 19  0 20  0 30 24 26 20 19 30 19  0  0 24 20 30  0 24 30 24 24 
25 26 26 20 26 19 20 30 26 19 19  0 20  0 30 24 26 20 19 30 19  0  0 24 20 30  0 24 30 24 24 
 6  7  7  1  7  0  1 11  7  0  0 12  1 12 11  5  7  1  0 11  0 12 12  5  1 11 12  5 11  5  5 
26 27 27 21 27 20 21  0 27 20 20  1 21  1  0 25 27 21 20  0 20  1  1 25 21  0  1 25  0 25 25 
 6  7  7  1  7  0  1 11  7  0  0 12  1 12 11  5  7  1  0 11  0 12 12  5  1 11 12  5 11  5  5 
 5  6  6  0  6 30  0 10  6 30 30 11  0 11 10  4  6  0 30 10 30 11 11  4  0 10 11  4 10  4  4 
30  0  0 25  0 24 25  4  0 24 24  5 25  5  4 29  0 25 24  4 24  5  5 29 25  4  5 29  4 29 29 
 1  2  2 27  2 26 27  6  2 26 26  7 27  7  6  0  2 27 26  6 26  7  7  0 27  6  7  0  6  0  0 
26 27 27 21 27 20 21  0 27 20 20  1 21  1  0 25 27 21 20  0 20  1  1 25 21  0  1 25  0 25 25 
25 26 26 20 26 19 20 30 26 19 19  0 20  0 30 24 26 20 19 30 19  0  0 24 20 30  0 24 30 24 24 
 5  6  6  0  6 30  0 10  6 30 30 11  0 11 10  4  6  0 30 10 30 11 11  4  0 10 11  4 10  4  4 
25 26 26 20 26 19 20 30 26 19 19  0 20  0 30 24 26 20 19 30 19  0  0 24 20 30  0 24 30 24 24 
 6  7  7  1  7  0  1 11  7  0  0 12  1 12 11  5  7  1  0 11  0 12 12  5  1 11 12  5 11  5  5 
 6  7  7  1  7  0  1 11  7  0  0 12  1 12 11  5  7  1  0 11  0 12 12  5  1 11 12  5 11  5  5 
30  0  0 25  0 24 25  4  0 24 24  5 25  5  4 29  0 25 24  4 24  5  5 29 25  4  5 29  4 29 29 
26 27 27 21 27 20 21  0 27 20 20  1 21  1  0 25 27 21 20  0 20  1  1 25 21  0  1 25  0 25 25 
 5  6  6  0  6 30  0 10  6 30 30 11  0 11 10  4  6  0 30 10 30 11 11  4  0 10 11  4 10  4  4 
 6  7  7  1  7  0  1 11  7  0  0 12  1 12 11  5  7  1  0 11  0 12 12  5  1 11 12  5 11  5  5 
30  0  0 25  0 24 25  4  0 24 24  5 25  5  4 29  0 25 24  4 24  5  5 29 25  4  5 29  4 29 29 
 5  6  6  0  6 30  0 10  6 30 30 11  0 11 10  4  6  0 30 10 30 11 11  4  0 10 11  4 10  4  4 
30  0  0 25  0 24 25  4  0 24 24  5 25  5  4 29  0 25 24  4 24  5  5 29 25  4  5 29  4 29 29 
30  0  0 25  0 24 25  4  0 24 24  5 25  5  4 29  0 25 24  4 24  5  5 29 25  4  5 29  4 29 29 
